745
778
305
392
733
27
484
358
48
29
837
603
989
614
930
621
739
862
858
245
859
72
563
368
429
792
871
206
841
107
355
586
885
13
978
970
40
814
681
441
195
870
396
185
484
326
158
575
188
368
821
399
441
384
767
222
528
990
428
369
97
136
307
334
149
637
657
541
451
338
982
647
208
730
184
693
56
342
268
596
710
441
996
503
825
115
726
705
458
506
426
555
642
733
242
791
370
899
333
174
237
667
821
445
398
357
490
806
51
111
755
761
552
751
617
730
218
343
435
676
849
214
584
492
947
826
283
670
77
968
844
314
636
665
111
386
374
954
192
425
65
947
538
969
50
155
699
621
498
487
649
348
701
233
192
0
411
827
670
488
796
514
154
784
531
266
170
905
220
362
682
637
662
221
606
712
728
658
333
579
497
983
927
550
568
471
902
980
298
573
820
94
439
975
230
971
593
400
228
813
115
911
802
777
484
760
841
564
418
175
143
267
510
422
169
78
893
72
410
192
997
231
638
436
558
869
759
151
621
988
316
88
251
118
217
87
230
59
651
649
586
795
268
96
217
790
174
111
862
937
303
211
168
293
647
78
514
407
581
488
747
897
576
998
367
146
85
597
205
736
598
791
531
219
239
101
9
413
212
223
350
867
434
870
512
81
300
27
840
881
515
587
130
443
937
497
941
22
447
146
111
397
289
994
616
528
95
625
294
659
200
996
526
634
219
39
716
871
418
908
753
285
496
883
80
433
733
22
808
532
520
919
929
810
265
898
690
361
875
336
20
76
333
899
710
904
290
778
775
708
687
528
993
535
764
73
968
849
447
128
733
968
47
14
778
665
912
820
26
788
157
398
216
842
297
926
746
587
57
521
647
96
402
992
631
518
418
951
719
865
80
452
833
479
818
963
144
731
784
522
871
293
921
87
135
570
365
881
510
422
754
157
518
508
502
149
26
920
453
97
785
533
901
971
364
720
934
509
451
70
383
674
363
656
761
850
227
126
731
737
549
838
246
419
346
748
921
725
668
374
822
806
259
724
777
623
796
63
484
247
486
868
921
201
524
34
52
103
160
135
192
61
973
791
833
672
539
754
397
560
128
571
718
387
295
847
362
443
262
847
690
748
67
963
302
943
349
706
399
510
841
591
923
167
382
756
839
274
510
588
186
990
159
904
729
807
103
92
250
365
291
293
466
710
608
120
5
958
826
404
820
19
996
743
186
730
852
377
4
714
965
542
705
477
798
786
284
901
230
886
267
873
179
85
583
140
205
941
98
383
345
918
402
693
13
941
424
217
670
780
932
636
323
989
465
121
127
101
375
358
987
994
231
519
79
167
659
636
460
757
19
805
27
773
851
392
714
275
962
385
407
894
373
82
235
190
204
362
291
579
72
278
925
656
797
4
175
808
992
635
917
363
792
944
136
643
689
203
918
651
940
678
897
313
760
132
855
316
846
146
247
271
776
172
927
926
528
102
734
520
89
652
883
881
948
372
525
637
575
795
640
867
473
537
532
586
21
387
902
220
533
150
491
309
322
770
235
851
224
322
723
313
974
959
194
922
331
71
912
258
219
552
125
44
90
657
630
463
396
533
683
929
35
174
590
357
944
178
560
168
500
636
833
826
595
380
100
926
451
12
536
22
917
661
67
359
670
697
822
66
582
506
347
617
32
289
327
329
467
239
849
319
875
683
497
470
63
950
748
866
314
284
889
231
297
956
590
319
5
413
737
588
271
84
205
303
726
884
984
545
124
834
217
999
517
714
822
932
664
570
150
979
855
391
562
152
347
505
472
705
270
209
293
541
646
850
196
372
735
181
917
211
15
134
562
884
201
384
168
217
955
318
548
810
710
111
314
409
616
138
114
886
348
759
779
346
962
975
70
697
508
987
260
523
474
822
759
27
559
927
244
514
598
793
676
308
256
990
69
872
481
536
110
181
295
889
527
257
216
597
306
725
936
566
600
762
741
712
789
300
991
34
166
589
179
842
249
435
184
319
659
665
855
121
846
502
362
725
760
578
674
66
655
611
985
608
373
78
672
515
